20	13
20.02	5
20.04	8
20.06	10
20.08	10
20.1	10
20.12	11
20.14	9
20.16	7
20.18	13
20.2	9
20.22	16
20.24	11
20.26	7
20.28	9
20.3	10
20.32	9
20.34	10
20.36	12
20.38	10
20.4	10
20.42	7
20.44	9
20.46	9
20.48	15
20.5	7
20.52	10
20.54	14
20.56	14
20.58	6
20.6	10
20.62	9
20.64	13
20.66	11
20.68	14
20.7	5
20.72	11
20.74	11
20.76	10
20.78	12
20.8	11
20.82	15
20.84	7
20.86	7
20.88	13
20.9	9
20.92	11
20.94	6
20.96	7
20.98	10
21	7
21.02	10
21.04	9
21.06	9
21.08	10
21.1	4
21.12	9
21.14	7
21.16	10
21.18	9
21.2	5
21.22	8
21.24	17
21.26	5
21.28	11
21.3	9
21.32	11
21.34	12
21.36	9
21.38	11
21.4	9
21.42	7
21.44	11
21.46	13
21.48	7
21.5	15
21.52	12
21.54	8
21.56	18
21.58	11
21.6	14
21.62	12
21.64	14
21.66	12
21.68	8
21.7	11
21.72	11
21.74	14
21.76	11
21.78	8
21.8	8
21.82	8
21.84	14
21.86	13
21.88	13
21.9	17
21.92	13
21.94	10
21.96	9
21.98	10
22	9
22.02	13
22.04	9
22.06	12
22.08	12
22.1	8
22.12	14
22.14	15
22.16	18
22.18	9
22.2	6
22.22	4
22.24	7
22.26	10
22.28	8
22.3	8
22.32	11
22.34	8
22.36	4
22.38	9
22.4	7
22.42	14
22.44	8
22.46	11
22.48	9
22.5	18
22.52	8
22.54	12
22.56	12
22.58	10
22.6	24
22.62	12
22.64	8
22.66	3
22.68	8
22.7	8
22.72	9
22.74	9
22.76	7
22.78	8
22.8	13
22.82	10
22.84	12
22.86	8
22.88	12
22.9	10
22.92	12
22.94	9
22.96	13
22.98	11
23	4
23.02	8
23.04	7
23.06	5
23.08	12
23.1	12
23.12	15
23.14	15
23.16	14
23.18	11
23.2	11
23.22	8
23.24	12
23.26	10
23.28	10
23.3	7
23.32	15
23.34	11
23.36	11
23.38	13
23.4	10
23.42	13
23.44	17
23.46	11
23.48	14
23.5	9
23.52	16
23.54	13
23.56	10
23.58	8
23.6	15
23.62	12
23.64	14
23.66	13
23.68	7
23.7	12
23.72	17
23.74	17
23.76	15
23.78	12
23.8	16
23.82	15
23.84	16
23.86	13
23.88	11
23.9	15
23.92	11
23.94	14
23.96	16
23.98	18
24	14
24.02	8
24.04	10
24.06	7
24.08	16
24.1	11
24.12	8
24.14	21
24.16	14
24.18	11
24.2	20
24.22	13
24.24	18
24.26	21
24.28	24
24.3	35
24.32	23
24.34	31
24.36	40
24.38	41
24.4	45
24.42	67
24.44	67
24.46	77
24.48	88
24.5	108
24.52	83
24.54	88
24.56	90
24.58	53
24.6	53
24.62	48
24.64	32
24.66	28
24.68	18
24.7	24
24.72	20
24.74	15
24.76	15
24.78	14
24.8	19
24.82	15
24.84	21
24.86	12
24.88	19
24.9	15
24.92	14
24.94	11
24.96	13
24.98	18
25	17
25.02	17
25.04	21
25.06	29
25.08	20
25.1	21
25.12	16
25.14	21
25.16	19
25.18	31
25.2	19
25.22	26
25.24	18
25.26	19
25.28	18
25.3	17
25.32	30
25.34	13
25.36	17
25.38	17
25.4	14
25.42	13
25.44	13
25.46	11
25.48	9
25.5	11
25.52	16
25.54	11
25.56	14
25.58	14
25.6	11
25.62	10
25.64	17
25.66	8
25.68	12
25.7	17
25.72	11
25.74	9
25.76	15
25.78	18
25.8	15
25.82	17
25.84	11
25.86	13
25.88	14
25.9	12
25.92	15
25.94	17
25.96	21
25.98	18
26	17
26.02	13
26.04	12
26.06	14
26.08	9
26.1	10
26.12	19
26.14	14
26.16	9
26.18	9
26.2	12
26.22	12
26.24	18
26.26	8
26.28	4
26.3	9
26.32	7
26.34	9
26.36	4
26.38	10
26.4	13
26.42	10
26.44	13
26.46	12
26.48	16
26.5	23
26.52	10
26.54	11
26.56	12
26.58	9
26.6	15
26.62	12
26.64	11
26.66	12
26.68	12
26.7	16
26.72	7
26.74	13
26.76	9
26.78	16
26.8	11
26.82	10
26.84	16
26.86	10
26.88	9
26.9	13
26.92	10
26.94	9
26.96	14
26.98	19
27	10
27.02	9
27.04	8
27.06	14
27.08	9
27.1	9
27.12	19
27.14	15
27.16	15
27.18	15
27.2	14
27.22	20
27.24	12
27.26	13
27.28	19
27.3	10
27.32	11
27.34	11
27.36	10
27.38	11
27.4	14
27.42	11
27.44	16
27.46	14
27.48	12
27.5	10
27.52	16
27.54	17
27.56	19
27.58	15
27.6	14
27.62	15
27.64	9
27.66	10
27.68	10
27.7	15
27.72	13
27.74	10
27.76	17
27.78	18
27.8	15
27.82	20
27.84	9
27.86	9
27.88	12
27.9	8
27.92	15
27.94	19
27.96	8
27.98	8
28	20
28.02	13
28.04	12
28.06	12
28.08	10
28.1	12
28.12	9
28.14	17
28.16	15
28.18	14
28.2	11
28.22	14
28.24	14
28.26	14
28.28	4
28.3	23
28.32	12
28.34	16
28.36	16
28.38	14
28.4	14
28.42	12
28.44	27
28.46	26
28.48	25
28.5	26
28.52	32
28.54	37
28.56	24
28.58	31
28.6	30
28.62	31
28.64	28
28.66	36
28.68	25
28.7	23
28.72	13
28.74	21
28.76	20
28.78	27
28.8	19
28.82	17
28.84	19
28.86	15
28.88	19
28.9	16
28.92	20
28.94	22
28.96	17
28.98	11
29	23
29.02	19
29.04	17
29.06	20
29.08	16
29.1	19
29.12	15
29.14	35
29.16	19
29.18	17
29.2	19
29.22	17
29.24	21
29.26	23
29.28	21
29.3	17
29.32	24
29.34	26
29.36	24
29.38	15
29.4	30
29.42	18
29.44	17
29.46	24
29.48	23
29.5	32
29.52	22
29.54	23
29.56	24
29.58	25
29.6	26
29.62	25
29.64	14
29.66	19
29.68	19
29.7	30
29.72	17
29.74	31
29.76	25
29.78	34
29.8	25
29.82	27
29.84	30
29.86	40
29.88	30
29.9	38
29.92	26
29.94	44
29.96	55
29.98	50
30	56
30.02	59
30.04	72
30.06	85
30.08	66
30.1	77
30.12	83
30.14	77
30.16	67
30.18	85
30.2	66
30.22	48
30.24	32
30.26	48
30.28	44
30.3	44
30.32	36
30.34	44
30.36	31
30.38	46
30.4	26
30.42	29
30.44	32
30.46	29
30.48	23
30.5	32
30.52	22
30.54	19
30.56	21
30.58	22
30.6	28
30.62	22
30.64	18
30.66	22
30.68	15
30.7	20
30.72	24
30.74	17
30.76	22
30.78	15
30.8	25
30.82	21
30.84	18
30.86	16
30.88	19
30.9	14
30.92	15
30.94	20
30.96	20
30.98	19
31	13
31.02	17
31.04	25
31.06	17
31.08	14
31.1	21
31.12	13
31.14	15
31.16	21
31.18	5
31.2	17
31.22	16
31.24	15
31.26	13
31.28	16
31.3	18
31.32	10
31.34	17
31.36	15
31.38	11
31.4	15
31.42	15
31.44	18
31.46	15
31.48	11
31.5	16
31.52	11
31.54	17
31.56	17
31.58	13
31.6	19
31.62	14
31.64	15
31.66	13
31.68	15
31.7	19
31.72	13
31.74	10
31.76	16
31.78	15
31.8	16
31.82	17
31.84	13
31.86	17
31.88	15
31.9	17
31.92	15
31.94	14
31.96	11
31.98	16
32	10
32.02	15
32.04	19
32.06	18
32.08	13
32.1	17
32.12	18
32.14	11
32.16	12
32.18	13
32.2	17
32.22	18
32.24	18
32.26	8
32.28	20
32.3	16
32.32	14
32.34	19
32.36	17
32.38	16
32.4	13
32.42	12
32.44	15
32.46	22
32.48	14
32.5	24
32.52	19
32.54	11
32.56	21
32.58	14
32.6	14
32.62	14
32.64	13
32.66	14
32.68	16
32.7	19
32.72	13
32.74	14
32.76	22
32.78	24
32.8	20
32.82	17
32.84	22
32.86	13
32.88	18
32.9	23
32.92	37
32.94	32
32.96	44
32.98	44
33	29
33.02	41
33.04	38
33.06	34
33.08	38
33.1	26
33.12	27
33.14	20
33.16	24
33.18	24
33.2	17
33.22	13
33.24	19
33.26	21
33.28	19
33.3	17
33.32	12
33.34	17
33.36	20
33.38	22
33.4	15
33.42	24
33.44	16
33.46	20
33.48	25
33.5	16
33.52	28
33.54	20
33.56	25
33.58	29
33.6	22
33.62	19
33.64	13
33.66	17
33.68	19
33.7	23
33.72	26
33.74	13
33.76	19
33.78	25
33.8	31
33.82	23
33.84	19
33.86	23
33.88	25
33.9	28
33.92	32
33.94	27
33.96	20
33.98	38
34	27
34.02	37
34.04	29
34.06	38
34.08	35
34.1	34
34.12	30
34.14	31
34.16	28
34.18	34
34.2	37
34.22	27
34.24	26
34.26	16
34.28	23
34.3	13
34.32	27
34.34	25
34.36	31
34.38	31
34.4	30
34.42	26
34.44	32
34.46	25
34.48	42
34.5	21
34.52	26
34.54	22
34.56	27
34.58	26
34.6	26
34.62	30
34.64	30
34.66	24
34.68	21
34.7	28
34.72	30
34.74	25
34.76	23
34.78	30
34.8	25
34.82	36
34.84	32
34.86	32
34.88	44
34.9	45
34.92	38
34.94	38
34.96	44
34.98	41
35	48
35.02	44
35.04	46
35.06	45
35.08	55
35.1	59
35.12	58
35.14	55
35.16	59
35.18	67
35.2	79
35.22	72
35.24	72
35.26	100
35.28	104
35.3	117
35.32	104
35.34	125
35.36	180
35.38	190
35.4	166
35.42	222
35.44	225
35.46	240
35.48	222
35.5	246
35.52	231
35.54	196
35.56	202
35.58	188
35.6	159
35.62	142
35.64	142
35.66	144
35.68	123
35.7	119
35.72	96
35.74	86
35.76	86
35.78	86
35.8	67
35.82	62
35.84	53
35.86	55
35.88	67
35.9	42
35.92	36
35.94	42
35.96	44
35.98	50
36	41
36.02	42
36.04	24
36.06	37
36.08	44
36.1	32
36.12	36
36.14	32
36.16	27
36.18	36
36.2	38
36.22	29
36.24	34
36.26	26
36.28	22
36.3	30
36.32	25
36.34	20
36.36	18
36.38	15
36.4	22
36.42	19
36.44	23
36.46	32
36.48	22
36.5	23
36.52	23
36.54	22
36.56	34
36.58	24
36.6	30
36.62	31
36.64	31
36.66	26
36.68	28
36.7	27
36.72	23
36.74	34
36.76	28
36.78	25
36.8	22
36.82	23
36.84	21
36.86	24
36.88	22
36.9	24
36.92	29
36.94	21
36.96	26
36.98	19
37	21
37.02	25
37.04	29
37.06	20
37.08	37
37.1	26
37.12	20
37.14	22
37.16	20
37.18	20
37.2	27
37.22	21
37.24	35
37.26	17
37.28	18
37.3	18
37.32	21
37.34	16
37.36	20
37.38	23
37.4	18
37.42	15
37.44	12
37.46	13
37.48	14
37.5	11
37.52	16
37.54	14
37.56	21
37.58	20
37.6	8
37.62	14
37.64	24
37.66	20
37.68	27
37.7	28
37.72	22
37.74	26
37.76	17
37.78	23
37.8	31
37.82	17
37.84	14
37.86	20
37.88	12
37.9	15
37.92	15
37.94	21
37.96	17
37.98	13
38	22
38.02	22
38.04	29
38.06	25
38.08	26
38.1	25
38.12	40
38.14	36
38.16	35
38.18	44
38.2	38
38.22	48
38.24	41
38.26	50
38.28	36
38.3	34
38.32	32
38.34	25
38.36	21
38.38	23
38.4	18
38.42	16
38.44	18
38.46	11
38.48	19
38.5	12
38.52	15
38.54	14
38.56	8
38.58	17
38.6	7
38.62	11
38.64	11
38.66	12
38.68	23
38.7	8
38.72	5
38.74	15
38.76	13
38.78	7
38.8	10
38.82	9
38.84	13
38.86	10
38.88	9
38.9	16
38.92	13
38.94	11
38.96	10
38.98	6
39	9
39.02	15
39.04	7
39.06	12
39.08	7
39.1	8
39.12	11
39.14	8
39.16	19
39.18	4
39.2	11
39.22	12
39.24	13
39.26	9
39.28	10
39.3	5
39.32	10
39.34	9
39.36	11
39.38	7
39.4	10
39.42	14
39.44	6
39.46	6
39.48	11
39.5	12
39.52	11
39.54	3
39.56	14
39.58	11
39.6	11
39.62	11
39.64	8
39.66	14
39.68	12
39.7	7
39.72	9
39.74	6
39.76	13
39.78	9
39.8	9
39.82	9
39.84	10
39.86	6
39.88	8
39.9	9
39.92	7
39.94	9
39.96	5
39.98	3
40	6
40.02	10
40.04	6
40.06	8
40.08	8
40.1	7
40.12	6
40.14	4
40.16	4
40.18	11
40.2	12
40.22	5
40.24	7
40.26	6
40.28	11
40.3	12
40.32	13
40.34	7
40.36	9
40.38	12
40.4	7
40.42	16
40.44	8
40.46	16
40.48	6
40.5	22
40.52	12
40.54	12
40.56	15
40.58	12
40.6	19
40.62	13
40.64	11
40.66	12
40.68	19
40.7	10
40.72	13
40.74	12
40.76	18
40.78	10
40.8	10
40.82	17
40.84	13
40.86	20
40.88	14
40.9	13
40.92	17
40.94	18
40.96	15
40.98	17
41	19
41.02	12
41.04	27
41.06	32
41.08	20
41.1	17
41.12	23
41.14	24
41.16	22
41.18	16
41.2	19
41.22	14
41.24	15
41.26	25
41.28	20
41.3	15
41.32	25
41.34	18
41.36	14
41.38	11
41.4	14
41.42	15
41.44	15
41.46	11
41.48	11
41.5	14
41.52	15
41.54	9
41.56	11
41.58	16
41.6	8
41.62	11
41.64	15
41.66	15
41.68	18
41.7	12
41.72	12
41.74	16
41.76	17
41.78	11
41.8	16
41.82	16
41.84	14
41.86	14
41.88	11
41.9	12
41.92	9
41.94	21
41.96	13
41.98	12
42	16
42.02	12
42.04	8
42.06	14
42.08	12
42.1	8
42.12	13
42.14	10
42.16	8
42.18	16
42.2	15
42.22	11
42.24	8
42.26	13
42.28	6
42.3	13
42.32	10
42.34	16
42.36	12
42.38	8
42.4	22
42.42	14
42.44	14
42.46	15
42.48	19
42.5	14
42.52	15
42.54	14
42.56	15
42.58	13
42.6	18
42.62	18
42.64	19
42.66	17
42.68	20
42.7	20
42.72	25
42.74	19
42.76	19
42.78	24
42.8	32
42.82	21
42.84	32
42.86	24
42.88	38
42.9	42
42.92	44
42.94	32
42.96	42
42.98	38
43	40
43.02	44
43.04	30
43.06	45
43.08	38
43.1	36
43.12	45
43.14	50
43.16	32
43.18	50
43.2	32
43.22	35
43.24	35
43.26	34
43.28	32
43.3	30
43.32	25
43.34	29
43.36	24
43.38	23
43.4	22
43.42	32
43.44	22
43.46	15
43.48	15
43.5	24
43.52	12
43.54	19
43.56	20
43.58	24
43.6	17
43.62	19
43.64	13
43.66	13
43.68	15
43.7	20
43.72	13
43.74	14
43.76	11
43.78	8
43.8	8
43.82	6
43.84	14
43.86	13
43.88	11
43.9	7
43.92	5
43.94	11
43.96	7
43.98	11
44	12
44.02	10
44.04	20
44.06	5
44.08	4
44.1	9
44.12	9
44.14	17
44.16	14
44.18	10
44.2	9
44.22	8
44.24	9
44.26	8
44.28	8
44.3	7
44.32	11
44.34	5
44.36	8
44.38	6
44.4	10
44.42	9
44.44	13
44.46	10
44.48	9
44.5	12
44.52	13
44.54	14
44.56	6
44.58	9
44.6	15
44.62	18
44.64	13
44.66	23
44.68	20
44.7	21
44.72	11
44.74	18
44.76	25
44.78	14
44.8	24
44.82	10
44.84	4
44.86	9
44.88	8
44.9	12
44.92	15
44.94	8
44.96	13
44.98	9
45	14
45.02	9
45.04	8
45.06	7
45.08	6
45.1	7
45.12	12
45.14	14
45.16	4
45.18	10
45.2	12
45.22	5
45.24	9
45.26	12
45.28	13
45.3	13
45.32	5
45.34	6
45.36	6
45.38	11
45.4	5
45.42	11
45.44	3
45.46	3
45.48	8
45.5	7
45.52	9
45.54	8
45.56	13
45.58	12
45.6	10
45.62	9
45.64	7
45.66	6
45.68	12
45.7	9
45.72	15
45.74	9
45.76	3
45.78	6
45.8	8
45.82	5
45.84	2
45.86	4
45.88	6
45.9	12
45.92	12
45.94	16
45.96	4
45.98	15
46	9
46.02	9
46.04	12
46.06	8
46.08	11
46.1	8
46.12	11
46.14	11
46.16	8
46.18	5
46.2	8
46.22	10
46.24	12
46.26	7
46.28	12
46.3	10
46.32	9
46.34	7
46.36	15
46.38	9
46.4	10
46.42	13
46.44	3
46.46	13
46.48	10
46.5	8
46.52	7
46.54	9
46.56	7
46.58	14
46.6	11
46.62	5
46.64	4
46.66	12
46.68	10
46.7	19
46.72	18
46.74	7
46.76	11
46.78	17
46.8	16
46.82	14
46.84	14
46.86	9
46.88	29
46.9	29
46.92	41
46.94	26
46.96	18
46.98	23
47	23
47.02	19
47.04	20
47.06	22
47.08	16
47.1	13
47.12	23
47.14	19
47.16	17
47.18	12
47.2	15
47.22	11
47.24	8
47.26	9
47.28	8
47.3	6
47.32	7
47.34	8
47.36	12
47.38	7
47.4	9
47.42	12
47.44	7
47.46	10
47.48	15
47.5	12
47.52	11
47.54	11
47.56	12
47.58	12
47.6	10
47.62	16
47.64	23
47.66	13
47.68	13
47.7	20
47.72	11
47.74	21
47.76	22
47.78	21
47.8	22
47.82	22
47.84	18
47.86	27
47.88	21
47.9	16
47.92	25
47.94	22
47.96	14
47.98	21
48	15
48.02	6
48.04	17
48.06	13
48.08	13
48.1	14
48.12	12
48.14	5
48.16	10
48.18	8
48.2	9
48.22	10
48.24	11
48.26	9
48.28	6
48.3	1
48.32	5
48.34	11
48.36	12
48.38	7
48.4	10
48.42	5
48.44	5
48.46	11
48.48	10
48.5	7
48.52	5
48.54	12
48.56	11
48.58	2
48.6	4
48.62	6
48.64	10
48.66	10
48.68	9
48.7	2
48.72	8
48.74	8
48.76	6
48.78	14
48.8	11
48.82	19
48.84	11
48.86	8
48.88	20
48.9	15
48.92	9
48.94	13
48.96	9
48.98	5
49	9
49.02	11
49.04	6
49.06	12
49.08	7
49.1	10
49.12	10
49.14	10
49.16	16
49.18	14
49.2	8
49.22	10
49.24	11
49.26	11
49.28	9
49.3	8
49.32	10
49.34	9
49.36	8
49.38	5
49.4	13
49.42	8
49.44	10
49.46	14
49.48	9
49.5	12
49.52	11
49.54	7
49.56	9
49.58	11
49.6	11
49.62	10
49.64	5
49.66	6
49.68	6
49.7	9
49.72	8
49.74	10
49.76	17
49.78	11
49.8	9
49.82	7
49.84	9
49.86	12
49.88	2
49.9	11
49.92	7
49.94	9
49.96	8
49.98	5
50	8
50.02	6
50.04	7
50.06	7
50.08	6
50.1	6
50.12	9
50.14	6
50.16	14
50.18	10
50.2	14
50.22	6
50.24	8
50.26	9
50.28	11
50.3	5
50.32	12
50.34	11
50.36	6
50.38	5
50.4	11
50.42	10
50.44	11
50.46	6
50.48	11
50.5	6
50.52	11
50.54	10
50.56	5
50.58	8
50.6	5
50.62	5
50.64	10
50.66	10
50.68	9
50.7	8
50.72	11
50.74	14
50.76	13
50.78	7
50.8	7
50.82	7
50.84	18
50.86	10
50.88	8
50.9	8
50.92	7
50.94	13
50.96	3
50.98	8
51	8
51.02	6
51.04	7
51.06	13
51.08	7
51.1	3
51.12	13
51.14	11
51.16	7
51.18	6
51.2	6
51.22	7
51.24	5
51.26	6
51.28	6
51.3	9
51.32	7
51.34	9
51.36	12
51.38	2
51.4	8
51.42	9
51.44	10
51.46	8
51.48	13
51.5	4
51.52	9
51.54	6
51.56	8
51.58	11
51.6	10
51.62	10
51.64	6
51.66	10
51.68	7
51.7	8
51.72	10
51.74	9
51.76	8
51.78	8
51.8	16
51.82	13
51.84	10
51.86	3
51.88	9
51.9	9
51.92	11
51.94	8
51.96	8
51.98	9
52	7
52.02	5
52.04	10
52.06	10
52.08	17
52.1	14
52.12	9
52.14	13
52.16	8
52.18	16
52.2	12
52.22	15
52.24	8
52.26	13
52.28	13
52.3	13
52.32	18
52.34	14
52.36	10
52.38	7
52.4	11
52.42	6
52.44	12
52.46	10
52.48	6
52.5	9
52.52	12
52.54	14
52.56	8
52.58	6
52.6	5
52.62	8
52.64	9
52.66	9
52.68	13
52.7	6
52.72	7
52.74	11
52.76	10
52.78	12
52.8	21
52.82	10
52.84	11
52.86	16
52.88	12
52.9	12
52.92	6
52.94	8
52.96	11
52.98	8
53	9
53.02	12
53.04	12
53.06	13
53.08	10
53.1	19
53.12	9
53.14	7
53.16	12
53.18	6
53.2	21
53.22	23
53.24	18
53.26	19
53.28	22
53.3	24
53.32	15
53.34	20
53.36	22
53.38	24
53.4	20
53.42	13
53.44	20
53.46	38
53.48	27
53.5	15
53.52	22
53.54	31
53.56	30
53.58	28
53.6	19
53.62	27
53.64	36
53.66	21
53.68	26
53.7	26
53.72	17
53.74	20
53.76	16
53.78	16
53.8	17
53.82	16
53.84	17
53.86	20
53.88	9
53.9	15
53.92	14
53.94	10
53.96	15
53.98	10
54	15
54.02	11
54.04	6
54.06	27
54.08	5
54.1	13
54.12	9
54.14	6
54.16	8
54.18	7
54.2	10
54.22	21
54.24	9
54.26	10
54.28	12
54.3	10
54.32	10
54.34	13
54.36	6
54.38	13
54.4	13
54.42	18
54.44	13
54.46	13
54.48	16
54.5	14
54.52	11
54.54	15
54.56	8
54.58	18
54.6	25
54.62	22
54.64	14
54.66	12
54.68	20
54.7	21
54.72	16
54.74	12
54.76	14
54.78	10
54.8	13
54.82	14
54.84	12
54.86	13
54.88	13
54.9	15
54.92	12
54.94	12
54.96	14
54.98	12
55	11
55.02	10
55.04	9
55.06	13
55.08	10
55.1	13
55.12	4
55.14	12
55.16	12
55.18	18
55.2	10
55.22	11
55.24	18
55.26	9
55.28	23
55.3	13
55.32	7
55.34	11
55.36	10
55.38	11
55.4	10
55.42	8
55.44	10
55.46	6
55.48	8
55.5	16
55.52	21
55.54	6
55.56	13
55.58	8
55.6	8
55.62	11
55.64	9
55.66	9
55.68	5
55.7	13
55.72	2
55.74	9
55.76	14
55.78	14
55.8	10
55.82	12
55.84	10
55.86	17
55.88	11
55.9	10
55.92	18
55.94	9
55.96	18
55.98	11
56	12
56.02	16
56.04	13
56.06	15
56.08	16
56.1	17
56.12	14
56.14	16
56.16	19
56.18	9
56.2	21
56.22	15
56.24	18
56.26	18
56.28	19
56.3	13
56.32	20
56.34	15
56.36	12
56.38	12
56.4	19
56.42	22
56.44	23
56.46	13
56.48	26
56.5	26
56.52	25
56.54	19
56.56	22
56.58	26
56.6	26
56.62	22
56.64	20
56.66	25
56.68	24
56.7	29
56.72	24
56.74	32
56.76	34
56.78	31
56.8	40
56.82	41
56.84	41
56.86	50
56.88	40
56.9	72
56.92	58
56.94	71
56.96	58
56.98	53
57	53
57.02	59
57.04	62
57.06	48
57.08	53
57.1	53
57.12	55
57.14	50
57.16	44
57.18	59
57.2	37
57.22	41
57.24	32
57.26	44
57.28	34
57.3	32
57.32	37
57.34	32
57.36	27
57.38	29
57.4	31
57.42	37
57.44	21
57.46	21
57.48	34
57.5	20
57.52	23
57.54	26
57.56	21
57.58	28
57.6	19
57.62	26
57.64	9
57.66	11
57.68	18
57.7	12
57.72	14
57.74	22
57.76	21
57.78	17
57.8	17
57.82	20
57.84	15
57.86	8
57.88	10
57.9	18
57.92	19
57.94	12
57.96	15
57.98	10
58	18
58.02	12
58.04	13
58.06	11
58.08	10
58.1	18
58.12	18
58.14	15
58.16	15
58.18	12
58.2	12
58.22	17
58.24	17
58.26	14
58.28	15
58.3	11
58.32	26
58.34	18
58.36	20
58.38	13
58.4	19
58.42	17
58.44	19
58.46	21
58.48	18
58.5	18
58.52	16
58.54	17
58.56	14
58.58	8
58.6	11
58.62	19
58.64	16
58.66	24
58.68	8
58.7	16
58.72	22
58.74	24
58.76	17
58.78	21
58.8	19
58.82	19
58.84	19
58.86	19
58.88	10
58.9	9
58.92	15
58.94	18
58.96	18
58.98	15
59	18
59.02	16
59.04	23
59.06	24
59.08	15
59.1	15
59.12	21
59.14	19
59.16	17
59.18	10
59.2	10
59.22	14
59.24	13
59.26	11
59.28	20
59.3	9
59.32	8
59.34	15
59.36	10
59.38	9
59.4	13
59.42	13
59.44	11
59.46	13
59.48	12
59.5	21
59.52	15
59.54	8
59.56	13
59.58	5
59.6	6
59.62	11
59.64	11
59.66	12
59.68	21
59.7	8
59.72	14
59.74	5
59.76	11
59.78	14
59.8	19
59.82	15
59.84	11
59.86	20
59.88	14
59.9	8
59.92	18
59.94	15
59.96	7
59.98	13
60	13
60.02	9
60.04	14
60.06	9
60.08	14
60.1	16
60.12	10
60.14	11
60.16	11
60.18	9
60.2	13
60.22	16
60.24	9
60.26	17
60.28	19
60.3	16
60.32	16
60.34	12
60.36	11
60.38	13
60.4	14
60.42	14
60.44	19
60.46	14
60.48	17
60.5	12
60.52	13
60.54	10
60.56	11
60.58	15
60.6	13
60.62	14
60.64	9
60.66	20
60.68	5
60.7	14
60.72	13
60.74	9
60.76	17
60.78	7
60.8	10
60.82	13
60.84	16
60.86	12
60.88	15
60.9	9
60.92	17
60.94	7
60.96	11
60.98	14
61	11
61.02	11
61.04	19
61.06	11
61.08	17
61.1	14
61.12	18
61.14	23
61.16	21
61.18	20
61.2	16
61.22	10
61.24	15
61.26	24
61.28	18
61.3	13
61.32	20
61.34	15
61.36	16
61.38	14
61.4	16
61.42	20
61.44	20
61.46	9
61.48	21
61.5	11
61.52	15
61.54	20
61.56	16
61.58	14
61.6	16
61.62	18
61.64	18
61.66	12
61.68	15
61.7	16
61.72	17
61.74	19
61.76	22
61.78	18
61.8	22
61.82	19
61.84	26
61.86	22
61.88	19
61.9	23
61.92	23
61.94	25
61.96	30
61.98	28
62	23
62.02	28
62.04	41
62.06	37
62.08	35
62.1	31
62.12	27
62.14	36
62.16	44
62.18	36
62.2	32
62.22	37
62.24	37
62.26	40
62.28	34
62.3	30
62.32	50
62.34	48
62.36	48
62.38	56
62.4	56
62.42	56
62.44	59
62.46	52
62.48	79
62.5	71
62.52	81
62.54	72
62.56	86
62.58	83
62.6	83
62.62	85
62.64	72
62.66	74
62.68	79
62.7	94
62.72	96
62.74	59
62.76	61
62.78	71
62.8	58
62.82	50
62.84	48
62.86	56
62.88	48
62.9	42
62.92	38
62.94	30
62.96	35
62.98	34
63	27
63.02	30
63.04	26
63.06	28
63.08	29
63.1	25
63.12	26
63.14	19
63.16	19
63.18	20
63.2	22
63.22	18
63.24	15
63.26	21
63.28	20
63.3	15
63.32	14
63.34	23
63.36	19
63.38	16
63.4	14
63.42	16
63.44	20
63.46	13
63.48	11
63.5	13
63.52	22
63.54	14
63.56	12
63.58	23
63.6	15
63.62	15
63.64	13
63.66	9
63.68	14
63.7	16
63.72	9
63.74	11
63.76	15
63.78	22
63.8	12
63.82	17
63.84	15
63.86	14
63.88	15
63.9	8
63.92	13
63.94	14
63.96	16
63.98	16
64	11
64.02	18
64.04	11
64.06	18
64.08	28
64.1	14
64.12	11
64.14	19
64.16	6
64.18	15
64.2	19
64.22	10
64.24	10
64.26	12
64.28	18
64.3	10
64.32	17
64.34	14
64.36	9
64.38	7
64.4	12
64.42	12
64.44	6
64.46	10
64.48	14
64.5	13
64.52	14
64.54	5
64.56	10
64.58	8
64.6	5
64.62	5
64.64	9
64.66	7
64.68	10
64.7	11
64.72	6
64.74	12
64.76	8
64.78	9
64.8	11
64.82	7
64.84	4
64.86	12
64.88	9
64.9	8
64.92	7
64.94	8
64.96	8
64.98	10
65	7
65.02	15
65.04	7
65.06	11
65.08	9
65.1	8
65.12	11
65.14	6
65.16	16
65.18	6
65.2	11
65.22	6
65.24	7
65.26	7
65.28	7
65.3	11
65.32	9
65.34	10
65.36	13
65.38	15
65.4	11
65.42	12
65.44	6
65.46	13
65.48	11
65.5	18
65.52	11
65.54	12
65.56	11
65.58	15
65.6	10
65.62	6
65.64	10
65.66	11
65.68	15
65.7	8
65.72	15
65.74	6
65.76	14
65.78	10
65.8	4
65.82	6
65.84	9
65.86	13
65.88	11
65.9	9
65.92	7
65.94	9
65.96	10
65.98	6
66	7
66.02	11
66.04	9
66.06	12
66.08	3
66.1	7
66.12	6
66.14	15
66.16	14
66.18	8
66.2	13
66.22	9
66.24	13
66.26	6
66.28	13
66.3	10
66.32	9
66.34	6
66.36	15
66.38	9
66.4	8
66.42	12
66.44	10
66.46	11
66.48	11
66.5	12
66.52	7
66.54	7
66.56	12
66.58	8
66.6	11
66.62	9
66.64	8
66.66	5
66.68	7
66.7	12
66.72	19
66.74	12
66.76	4
66.78	15
66.8	13
66.82	11
66.84	6
66.86	13
66.88	11
66.9	4
66.92	9
66.94	11
66.96	7
66.98	6
67	6
67.02	8
67.04	8
67.06	3
67.08	8
67.1	13
67.12	8
67.14	7
67.16	4
67.18	9
67.2	8
67.22	11
67.24	8
67.26	10
67.28	1
67.3	7
67.32	7
67.34	10
67.36	7
67.38	2
67.4	9
67.42	5
67.44	4
67.46	4
67.48	4
67.5	6
67.52	9
67.54	15
67.56	5
67.58	7
67.6	3
67.62	7
67.64	4
67.66	11
67.68	8
67.7	5
67.72	9
67.74	11
67.76	5
67.78	9
67.8	8
67.82	4
67.84	7
67.86	5
67.88	9
67.9	10
67.92	9
67.94	7
67.96	11
67.98	6
68	6
68.02	9
68.04	3
68.06	7
68.08	6
68.1	7
68.12	8
68.14	6
68.16	7
68.18	5
68.2	11
68.22	8
68.24	9
68.26	4
68.28	5
68.3	7
68.32	4
68.34	12
68.36	3
68.38	3
68.4	7
68.42	8
68.44	8
68.46	7
68.48	7
68.5	8
68.52	5
68.54	9
68.56	7
68.58	12
68.6	12
68.62	8
68.64	11
68.66	12
68.68	5
68.7	6
68.72	6
68.74	6
68.76	7
68.78	6
68.8	9
68.82	15
68.84	7
68.86	9
68.88	10
68.9	6
68.92	9
68.94	8
68.96	9
68.98	3
69	11
69.02	9
69.04	12
69.06	7
69.08	9
69.1	3
69.12	5
69.14	7
69.16	11
69.18	14
69.2	14
69.22	9
69.24	16
69.26	5
69.28	15
69.3	11
69.32	5
69.34	10
69.36	11
69.38	6
69.4	10
69.42	9
69.44	10
69.46	11
69.48	8
69.5	9
69.52	12
69.54	7
69.56	10
69.58	9
69.6	12
69.62	12
69.64	12
69.66	7
69.68	11
69.7	9
69.72	9
69.74	9
69.76	11
69.78	4
69.8	10
69.82	9
69.84	9
69.86	9
69.88	12
69.9	8
69.92	10
69.94	4
69.96	11
69.98	10
70	5
70.02	10
70.04	13
70.06	5
70.08	8
70.1	8
70.12	6
70.14	10
70.16	6
70.18	9
70.2	13
70.22	5
70.24	10
70.26	10
70.28	4
70.3	7
70.32	5
70.34	8
70.36	10
70.38	8
70.4	7
70.42	13
70.44	5
70.46	6
70.48	8
70.5	8
70.52	8
70.54	9
70.56	11
70.58	8
70.6	9
70.62	8
70.64	13
70.66	12
70.68	8
70.7	13
70.72	5
70.74	9
70.76	7
70.78	3
70.8	11
70.82	11
70.84	15
70.86	13
70.88	10
70.9	14
70.92	12
70.94	9
70.96	8
70.98	12
71	9
71.02	14
71.04	9
71.06	12
71.08	8
71.1	10
71.12	11
71.14	10
71.16	10
71.18	6
71.2	12
71.22	11
71.24	12
71.26	9
71.28	11
71.3	9
71.32	9
71.34	12
71.36	8
71.38	14
71.4	13
71.42	9
71.44	4
71.46	6
71.48	9
71.5	10
71.52	9
71.54	9
71.56	8
71.58	5
71.6	7
71.62	11
71.64	9
71.66	8
71.68	12
71.7	9
71.72	10
71.74	9
71.76	13
71.78	6
71.8	6
71.82	7
71.84	11
71.86	9
71.88	10
71.9	6
71.92	14
71.94	8
71.96	9
71.98	9
72	6
72.02	13
72.04	6
72.06	9
72.08	7
72.1	8
72.12	5
72.14	6
72.16	9
72.18	9
72.2	8
72.22	11
72.24	6
72.26	12
72.28	8
72.3	7
72.32	7
72.34	7
72.36	8
72.38	9
72.4	5
72.42	6
72.44	5
72.46	11
72.48	9
72.5	13
72.52	9
72.54	8
72.56	10
72.58	7
72.6	11
72.62	10
72.64	4
72.66	7
72.68	8
72.7	11
72.72	3
72.74	15
72.76	5
72.78	10
72.8	12
72.82	1
72.84	12
72.86	5
72.88	8
72.9	4
72.92	3
72.94	4
72.96	5
72.98	4
73	9
73.02	5
73.04	13
73.06	10
73.08	3
73.1	5
73.12	7
73.14	7
73.16	6
73.18	15
73.2	9
73.22	13
73.24	15
73.26	12
73.28	9
73.3	7
73.32	4
73.34	13
73.36	9
73.38	9
73.4	7
73.42	9
73.44	11
73.46	6
73.48	4
73.5	7
73.52	7
73.54	8
73.56	8
73.58	9
73.6	16
73.62	12
73.64	11
73.66	14
73.68	14
73.7	12
73.72	12
73.74	9
73.76	13
73.78	15
73.8	12
73.82	19
73.84	15
73.86	12
73.88	24
73.9	19
73.92	16
73.94	17
73.96	21
73.98	11
74	21
74.02	17
74.04	16
74.06	17
74.08	24
74.1	22
74.12	15
74.14	16
74.16	13
74.18	16
74.2	17
74.22	8
74.24	13
74.26	20
74.28	13
74.3	18
74.32	11
74.34	18
74.36	11
74.38	13
74.4	18
74.42	12
74.44	8
74.46	14
74.48	9
74.5	6
74.52	17
74.54	9
74.56	7
74.58	18
74.6	8
74.62	5
74.64	11
74.66	4
74.68	5
74.7	10
74.72	13
74.74	8
74.76	9
74.78	6
74.8	9
74.82	9
74.84	3
74.86	16
74.88	11
74.9	10
74.92	12
74.94	13
74.96	5
74.98	13
75	12
75.02	10
75.04	11
75.06	11
75.08	14
75.1	15
75.12	14
75.14	15
75.16	11
75.18	13
75.2	14
75.22	11
75.24	13
75.26	8
75.28	14
75.3	14
75.32	14
75.34	10
75.36	6
75.38	6
75.4	10
75.42	4
75.44	12
75.46	14
75.48	8
75.5	11
75.52	9
75.54	9
75.56	6
75.58	10
75.6	5
75.62	2
75.64	7
75.66	12
75.68	17
75.7	2
75.72	6
75.74	10
75.76	6
75.78	3
75.8	4
75.82	7
75.84	11
75.86	9
75.88	1
75.9	9
75.92	8
75.94	8
75.96	9
75.98	7
76	7
76.02	7
76.04	5
76.06	5
76.08	4
76.1	5
76.12	13
76.14	6
76.16	2
76.18	6
76.2	3
76.22	5
76.24	5
76.26	2
76.28	7
76.3	5
76.32	7
76.34	5
76.36	11
76.38	5
76.4	5
76.42	6
76.44	3
76.46	6
76.48	4
76.5	9
76.52	6
76.54	5
76.56	4
76.58	8
76.6	5
76.62	8
76.64	6
76.66	6
76.68	8
76.7	2
76.72	1
76.74	4
76.76	7
76.78	11
76.8	4
76.82	8
76.84	7
76.86	10
76.88	9
76.9	6
76.92	5
76.94	12
76.96	5
76.98	6
77	3
77.02	10
77.04	7
77.06	6
77.08	7
77.1	11
77.12	4
77.14	7
77.16	8
77.18	5
77.2	5
77.22	5
77.24	9
77.26	6
77.28	7
77.3	6
77.32	11
77.34	6
77.36	13
77.38	5
77.4	4
77.42	9
77.44	6
77.46	5
77.48	7
77.5	4
77.52	5
77.54	3
77.56	3
77.58	9
77.6	10
77.62	8
77.64	8
77.66	5
77.68	5
77.7	7
77.72	7
77.74	7
77.76	6
77.78	7
77.8	5
77.82	10
77.84	2
77.86	6
77.88	6
77.9	6
77.92	7
77.94	7
77.96	4
77.98	11
78	9
78.02	6
78.04	3
78.06	9
78.08	6
78.1	7
78.12	5
78.14	7
78.16	7
78.18	10
78.2	8
78.22	6
78.24	5
78.26	4
78.28	1
78.3	7
78.32	6
78.34	11
78.36	4
78.38	7
78.4	5
78.42	10
78.44	5
78.46	5
78.48	8
78.5	7
78.52	4
78.54	7
78.56	15
78.58	9
78.6	7
78.62	10
78.64	11
78.66	11
78.68	8
78.7	10
78.72	10
78.74	8
78.76	7
78.78	5
78.8	18
78.82	6
78.84	6
78.86	11
78.88	13
78.9	11
78.92	13
78.94	13
78.96	13
78.98	9
79	9
79.02	10
79.04	11
79.06	10
79.08	2
79.1	8
79.12	13
79.14	10
79.16	9
79.18	11
79.2	5
79.22	13
79.24	12
79.26	10
79.28	9
79.3	8
79.32	7
79.34	7
79.36	12
79.38	8
79.4	5
79.42	8
79.44	11
79.46	8
79.48	10
79.5	6
79.52	7
79.54	2
79.56	11
79.58	4
79.6	7
79.62	10
79.64	4
79.66	9
79.68	8
79.7	4
79.72	9
79.74	5
79.76	5
79.78	6
79.8	9
79.82	7
79.84	10
79.86	9
79.88	7
79.9	4
79.92	8
79.94	6
79.96	7
79.98	6
80	5