20	31
20.02	24
20.04	26
20.06	38
20.08	27
20.1	30
20.12	37
20.14	29
20.16	29
20.18	32
20.2	26
20.22	29
20.24	28
20.26	22
20.28	34
20.3	25
20.32	36
20.34	42
20.36	37
20.38	22
20.4	28
20.42	27
20.44	25
20.46	19
20.48	32
20.5	31
20.52	40
20.54	32
20.56	29
20.58	36
20.6	29
20.62	36
20.64	25
20.66	32
20.68	32
20.7	38
20.72	26
20.74	35
20.76	35
20.78	32
20.8	35
20.82	30
20.84	27
20.86	21
20.88	42
20.9	32
20.92	32
20.94	31
20.96	27
20.98	44
21	35
21.02	44
21.04	29
21.06	18
21.08	29
21.1	36
21.12	31
21.14	28
21.16	34
21.18	32
21.2	25
21.22	29
21.24	30
21.26	37
21.28	28
21.3	38
21.32	31
21.34	23
21.36	44
21.38	32
21.4	32
21.42	22
21.44	32
21.46	30
21.48	31
21.5	31
21.52	32
21.54	48
21.56	42
21.58	29
21.6	40
21.62	29
21.64	34
21.66	34
21.68	36
21.7	40
21.72	36
21.74	35
21.76	49
21.78	41
21.8	29
21.82	31
21.84	30
21.86	36
21.88	34
21.9	50
21.92	38
21.94	37
21.96	22
21.98	30
22	36
22.02	31
22.04	37
22.06	46
22.08	38
22.1	37
22.12	50
22.14	30
22.16	36
22.18	41
22.2	32
22.22	28
22.24	23
22.26	40
22.28	41
22.3	30
22.32	44
22.34	30
22.36	35
22.38	36
22.4	35
22.42	40
22.44	34
22.46	41
22.48	32
22.5	32
22.52	30
22.54	52
22.56	40
22.58	38
22.6	38
22.62	41
22.64	38
22.66	36
22.68	31
22.7	28
22.72	32
22.74	38
22.76	38
22.78	28
22.8	35
22.82	21
22.84	35
22.86	34
22.88	32
22.9	42
22.92	32
22.94	37
22.96	27
22.98	38
23	32
23.02	38
23.04	42
23.06	32
23.08	38
23.1	38
23.12	40
23.14	27
23.16	50
23.18	44
23.2	38
23.22	32
23.24	29
23.26	45
23.28	45
23.3	28
23.32	31
23.34	32
23.36	32
23.38	31
23.4	29
23.42	32
23.44	32
23.46	42
23.48	34
23.5	38
23.52	36
23.54	30
23.56	48
23.58	35
23.6	30
23.62	36
23.64	22
23.66	37
23.68	37
23.7	35
23.72	41
23.74	31
23.76	26
23.78	37
23.8	42
23.82	27
23.84	36
23.86	38
23.88	34
23.9	38
23.92	42
23.94	38
23.96	42
23.98	32
24	32
24.02	23
24.04	46
24.06	41
24.08	41
24.1	52
24.12	36
24.14	30
24.16	25
24.18	35
24.2	40
24.22	35
24.24	32
24.26	38
24.28	27
24.3	35
24.32	34
24.34	35
24.36	30
24.38	42
24.4	35
24.42	36
24.44	28
24.46	28
24.48	36
24.5	35
24.52	35
24.54	40
24.56	50
24.58	40
24.6	25
24.62	28
24.64	35
24.66	32
24.68	32
24.7	45
24.72	40
24.74	32
24.76	48
24.78	32
24.8	38
24.82	40
24.84	38
24.86	40
24.88	23
24.9	41
24.92	38
24.94	27
24.96	32
24.98	34
25	42
25.02	36
25.04	32
25.06	32
25.08	41
25.1	28
25.12	34
25.14	37
25.16	32
25.18	26
25.2	34
25.22	32
25.24	34
25.26	34
25.28	44
25.3	40
25.32	32
25.34	24
25.36	40
25.38	25
25.4	29
25.42	27
25.44	30
25.46	34
25.48	38
25.5	32
25.52	38
25.54	38
25.56	45
25.58	38
25.6	32
25.62	37
25.64	35
25.66	36
25.68	38
25.7	31
25.72	30
25.74	31
25.76	36
25.78	28
25.8	37
25.82	40
25.84	37
25.86	23
25.88	40
25.9	38
25.92	20
25.94	29
25.96	34
25.98	32
26	38
26.02	28
26.04	42
26.06	38
26.08	38
26.1	38
26.12	35
26.14	28
26.16	40
26.18	23
26.2	38
26.22	36
26.24	27
26.26	32
26.28	31
26.3	35
26.32	29
26.34	30
26.36	35
26.38	34
26.4	42
26.42	31
26.44	46
26.46	41
26.48	32
26.5	35
26.52	35
26.54	44
26.56	24
26.58	36
26.6	37
26.62	27
26.64	26
26.66	38
26.68	32
26.7	32
26.72	30
26.74	27
26.76	28
26.78	25
26.8	29
26.82	40
26.84	42
26.86	38
26.88	29
26.9	41
26.92	32
26.94	38
26.96	38
26.98	31
27	32
27.02	34
27.04	32
27.06	25
27.08	44
27.1	38
27.12	26
27.14	31
27.16	34
27.18	38
27.2	27
27.22	29
27.24	36
27.26	32
27.28	35
27.3	37
27.32	31
27.34	44
27.36	41
27.38	34
27.4	38
27.42	45
27.44	25
27.46	28
27.48	25
27.5	32
27.52	27
27.54	35
27.56	28
27.58	23
27.6	29
27.62	38
27.64	25
27.66	40
27.68	26
27.7	32
27.72	48
27.74	35
27.76	31
27.78	32
27.8	34
27.82	31
27.84	30
27.86	36
27.88	34
27.9	35
27.92	36
27.94	27
27.96	34
27.98	18
28	34
28.02	36
28.04	40
28.06	29
28.08	30
28.1	31
28.12	34
28.14	40
28.16	25
28.18	25
28.2	29
28.22	30
28.24	49
28.26	41
28.28	38
28.3	22
28.32	34
28.34	32
28.36	32
28.38	40
28.4	35
28.42	35
28.44	26
28.46	28
28.48	34
28.5	29
28.52	40
28.54	38
28.56	35
28.58	37
28.6	22
28.62	37
28.64	31
28.66	40
28.68	42
28.7	36
28.72	42
28.74	35
28.76	32
28.78	36
28.8	42
28.82	37
28.84	44
28.86	23
28.88	38
28.9	50
28.92	30
28.94	24
28.96	27
28.98	38
29	30
29.02	30
29.04	26
29.06	31
29.08	34
29.1	44
29.12	30
29.14	28
29.16	38
29.18	34
29.2	36
29.22	46
29.24	41
29.26	21
29.28	27
29.3	29
29.32	31
29.34	28
29.36	30
29.38	40
29.4	26
29.42	48
29.44	42
29.46	25
29.48	28
29.5	34
29.52	32
29.54	31
29.56	44
29.58	30
29.6	50
29.62	38
29.64	29
29.66	35
29.68	50
29.7	34
29.72	44
29.74	44
29.76	37
29.78	50
29.8	56
29.82	55
29.84	50
29.86	50
29.88	72
29.9	72
29.92	83
29.94	83
29.96	94
29.98	125
30	130
30.02	164
30.04	180
30.06	193
30.08	234
30.1	250
30.12	253
30.14	228
30.16	177
30.18	164
30.2	128
30.22	112
30.24	86
30.26	52
30.28	62
30.3	46
30.32	49
30.34	48
30.36	52
30.38	48
30.4	36
30.42	44
30.44	44
30.46	41
30.48	34
30.5	53
30.52	46
30.54	36
30.56	29
30.58	42
30.6	32
30.62	44
30.64	25
30.66	30
30.68	37
30.7	24
30.72	37
30.74	24
30.76	38
30.78	32
30.8	27
30.82	35
30.84	29
30.86	40
30.88	24
30.9	23
30.92	26
30.94	40
30.96	31
30.98	22
31	29
31.02	22
31.04	27
31.06	31
31.08	35
31.1	32
31.12	34
31.14	27
31.16	38
31.18	23
31.2	38
31.22	37
31.24	37
31.26	32
31.28	29
31.3	30
31.32	29
31.34	29
31.36	25
31.38	25
31.4	30
31.42	25
31.44	31
31.46	36
31.48	35
31.5	35
31.52	24
31.54	36
31.56	32
31.58	32
31.6	31
31.62	28
31.64	40
31.66	38
31.68	38
31.7	29
31.72	25
31.74	40
31.76	35
31.78	24
31.8	32
31.82	31
31.84	24
31.86	32
31.88	36
31.9	41
31.92	35
31.94	32
31.96	28
31.98	29
32	20
32.02	29
32.04	27
32.06	32
32.08	31
32.1	31
32.12	28
32.14	34
32.16	32
32.18	32
32.2	31
32.22	34
32.24	38
32.26	29
32.28	37
32.3	36
32.32	21
32.34	23
32.36	35
32.38	29
32.4	29
32.42	34
32.44	23
32.46	35
32.48	36
32.5	28
32.52	23
32.54	28
32.56	29
32.58	22
32.6	27
32.62	24
32.64	37
32.66	31
32.68	25
32.7	29
32.72	32
32.74	23
32.76	27
32.78	36
32.8	29
32.82	32
32.84	23
32.86	37
32.88	23
32.9	32
32.92	35
32.94	37
32.96	31
32.98	21
33	22
33.02	28
33.04	23
33.06	28
33.08	25
33.1	32
33.12	30
33.14	27
33.16	24
33.18	35
33.2	29
33.22	35
33.24	37
33.26	31
33.28	32
33.3	26
33.32	31
33.34	29
33.36	37
33.38	44
33.4	27
33.42	26
33.44	21
33.46	24
33.48	24
33.5	37
33.52	34
33.54	36
33.56	29
33.58	32
33.6	26
33.62	37
33.64	25
33.66	32
33.68	29
33.7	29
33.72	31
33.74	31
33.76	22
33.78	26
33.8	36
33.82	32
33.84	36
33.86	38
33.88	37
33.9	34
33.92	44
33.94	30
33.96	32
33.98	31
34	41
34.02	27
34.04	42
34.06	31
34.08	28
34.1	28
34.12	30
34.14	32
34.16	40
34.18	32
34.2	37
34.22	35
34.24	44
34.26	37
34.28	44
34.3	32
34.32	24
34.34	40
34.36	37
34.38	38
34.4	46
34.42	36
34.44	27
34.46	38
34.48	35
34.5	32
34.52	30
34.54	40
34.56	32
34.58	36
34.6	36
34.62	42
34.64	25
34.66	44
34.68	31
34.7	44
34.72	36
34.74	38
34.76	44
34.78	37
34.8	38
34.82	46
34.84	41
34.86	52
34.88	41
34.9	50
34.92	38
34.94	45
34.96	53
34.98	58
35	56
35.02	77
35.04	56
35.06	72
35.08	79
35.1	90
35.12	76
35.14	110
35.16	114
35.18	125
35.2	130
35.22	149
35.24	159
35.26	210
35.28	219
35.3	228
35.32	272
35.34	324
35.36	412
35.38	488
35.4	610
35.42	724
35.44	829
35.46	734
35.48	671
35.5	605
35.52	548
35.54	475
35.56	380
35.58	299
35.6	210
35.62	196
35.64	154
35.66	128
35.68	112
35.7	94
35.72	81
35.74	77
35.76	55
35.78	66
35.8	42
35.82	41
35.84	59
35.86	53
35.88	49
35.9	36
35.92	38
35.94	35
35.96	32
35.98	41
36	49
36.02	32
36.04	38
36.06	45
36.08	31
36.1	38
36.12	41
36.14	32
36.16	36
36.18	27
36.2	32
36.22	35
36.24	35
36.26	24
36.28	32
36.3	23
36.32	29
36.34	36
36.36	35
36.38	27
36.4	18
36.42	19
36.44	26
36.46	31
36.48	27
36.5	22
36.52	25
36.54	23
36.56	23
36.58	34
36.6	26
36.62	18
36.64	21
36.66	30
36.68	27
36.7	25
36.72	24
36.74	32
36.76	28
36.78	18
36.8	26
36.82	29
36.84	38
36.86	44
36.88	24
36.9	38
36.92	32
36.94	38
36.96	41
36.98	41
37	41
37.02	56
37.04	62
37.06	66
37.08	67
37.1	64
37.12	66
37.14	48
37.16	45
37.18	58
37.2	50
37.22	44
37.24	20
37.26	32
37.28	35
37.3	31
37.32	21
37.34	26
37.36	26
37.38	26
37.4	19
37.42	24
37.44	24
37.46	25
37.48	23
37.5	28
37.52	20
37.54	31
37.56	21
37.58	23
37.6	21
37.62	14
37.64	26
37.66	19
37.68	10
37.7	17
37.72	17
37.74	25
37.76	20
37.78	20
37.8	26
37.82	18
37.84	30
37.86	25
37.88	29
37.9	23
37.92	15
37.94	18
37.96	17
37.98	21
38	23
38.02	15
38.04	16
38.06	22
38.08	18
38.1	20
38.12	17
38.14	12
38.16	17
38.18	12
38.2	10
38.22	21
38.24	21
38.26	16
38.28	19
38.3	25
38.32	26
38.34	22
38.36	10
38.38	14
38.4	22
38.42	20
38.44	19
38.46	26
38.48	23
38.5	16
38.52	25
38.54	23
38.56	21
38.58	21
38.6	20
38.62	24
38.64	14
38.66	23
38.68	17
38.7	22
38.72	21
38.74	19
38.76	23
38.78	15
38.8	23
38.82	17
38.84	17
38.86	11
38.88	21
38.9	21
38.92	15
38.94	20
38.96	16
38.98	18
39	17
39.02	22
39.04	19
39.06	19
39.08	23
39.1	16
39.12	21
39.14	14
39.16	7
39.18	10
39.2	12
39.22	19
39.24	23
39.26	18
39.28	14
39.3	25
39.32	12
39.34	20
39.36	22
39.38	20
39.4	18
39.42	15
39.44	20
39.46	13
39.48	22
39.5	24
39.52	20
39.54	15
39.56	24
39.58	10
39.6	16
39.62	21
39.64	21
39.66	17
39.68	11
39.7	16
39.72	14
39.74	16
39.76	17
39.78	18
39.8	21
39.82	32
39.84	23
39.86	27
39.88	13
39.9	28
39.92	17
39.94	19
39.96	14
39.98	18
40	20
40.02	12
40.04	21
40.06	8
40.08	19
40.1	19
40.12	20
40.14	32
40.16	16
40.18	15
40.2	17
40.22	13
40.24	19
40.26	17
40.28	18
40.3	22
40.32	20
40.34	21
40.36	21
40.38	8
40.4	23
40.42	18
40.44	15
40.46	17
40.48	16
40.5	13
40.52	21
40.54	16
40.56	22
40.58	13
40.6	12
40.62	16
40.64	26
40.66	19
40.68	28
40.7	16
40.72	21
40.74	25
40.76	19
40.78	19
40.8	12
40.82	18
40.84	24
40.86	14
40.88	16
40.9	18
40.92	25
40.94	15
40.96	15
40.98	18
41	12
41.02	23
41.04	16
41.06	15
41.08	14
41.1	19
41.12	26
41.14	18
41.16	20
41.18	26
41.2	14
41.22	15
41.24	18
41.26	18
41.28	18
41.3	13
41.32	16
41.34	19
41.36	13
41.38	15
41.4	22
41.42	16
41.44	29
41.46	16
41.48	19
41.5	14
41.52	17
41.54	27
41.56	20
41.58	16
41.6	20
41.62	24
41.64	24
41.66	26
41.68	23
41.7	16
41.72	15
41.74	18
41.76	21
41.78	12
41.8	18
41.82	15
41.84	20
41.86	17
41.88	16
41.9	19
41.92	14
41.94	24
41.96	22
41.98	20
42	15
42.02	11
42.04	24
42.06	12
42.08	22
42.1	11
42.12	20
42.14	18
42.16	21
42.18	25
42.2	22
42.22	19
42.24	23
42.26	19
42.28	28
42.3	16
42.32	11
42.34	19
42.36	29
42.38	12
42.4	18
42.42	22
42.44	25
42.46	27
42.48	15
42.5	21
42.52	20
42.54	18
42.56	32
42.58	23
42.6	20
42.62	15
42.64	31
42.66	21
42.68	35
42.7	29
42.72	38
42.74	37
42.76	38
42.78	41
42.8	41
42.82	32
42.84	41
42.86	50
42.88	56
42.9	71
42.92	76
42.94	102
42.96	83
42.98	128
43	156
43.02	159
43.04	188
43.06	185
43.08	166
43.1	177
43.12	137
43.14	142
43.16	121
43.18	119
43.2	100
43.22	77
43.24	76
43.26	48
43.28	42
43.3	46
43.32	38
43.34	35
43.36	37
43.38	36
43.4	38
43.42	20
43.44	16
43.46	20
43.48	24
43.5	23
43.52	14
43.54	28
43.56	20
43.58	27
43.6	17
43.62	18
43.64	22
43.66	24
43.68	24
43.7	23
43.72	22
43.74	19
43.76	28
43.78	23
43.8	20
43.82	21
43.84	16
43.86	21
43.88	12
43.9	16
43.92	19
43.94	25
43.96	23
43.98	20
44	19
44.02	20
44.04	12
44.06	14
44.08	20
44.1	16
44.12	15
44.14	22
44.16	21
44.18	21
44.2	17
44.22	14
44.24	16
44.26	11
44.28	13
44.3	15
44.32	27
44.34	24
44.36	16
44.38	20
44.4	24
44.42	22
44.44	15
44.46	18
44.48	22
44.5	20
44.52	17
44.54	14
44.56	17
44.58	15
44.6	8
44.62	20
44.64	18
44.66	13
44.68	21
44.7	17
44.72	18
44.74	10
44.76	16
44.78	15
44.8	11
44.82	14
44.84	19
44.86	12
44.88	14
44.9	14
44.92	18
44.94	13
44.96	8
44.98	13
45	17
45.02	18
45.04	22
45.06	16
45.08	13
45.1	18
45.12	19
45.14	12
45.16	16
45.18	16
45.2	24
45.22	15
45.24	20
45.26	18
45.28	13
45.3	15
45.32	19
45.34	15
45.36	22
45.38	19
45.4	15
45.42	15
45.44	20
45.46	13
45.48	20
45.5	11
45.52	14
45.54	14
45.56	14
45.58	17
45.6	12
45.62	12
45.64	15
45.66	15
45.68	14
45.7	18
45.72	10
45.74	17
45.76	20
45.78	17
45.8	23
45.82	15
45.84	12
45.86	12
45.88	17
45.9	11
45.92	21
45.94	18
45.96	17
45.98	14
46	20
46.02	16
46.04	13
46.06	18
46.08	16
46.1	11
46.12	17
46.14	14
46.16	23
46.18	15
46.2	17
46.22	16
46.24	14
46.26	16
46.28	8
46.3	13
46.32	21
46.34	16
46.36	19
46.38	8
46.4	21
46.42	12
46.44	16
46.46	20
46.48	14
46.5	22
46.52	16
46.54	10
46.56	16
46.58	13
46.6	11
46.62	17
46.64	17
46.66	11
46.68	17
46.7	13
46.72	19
46.74	11
46.76	12
46.78	8
46.8	18
46.82	9
46.84	14
46.86	12
46.88	17
46.9	15
46.92	29
46.94	21
46.96	12
46.98	17
47	14
47.02	14
47.04	16
47.06	15
47.08	16
47.1	20
47.12	24
47.14	14
47.16	22
47.18	13
47.2	23
47.22	18
47.24	15
47.26	21
47.28	17
47.3	13
47.32	25
47.34	17
47.36	16
47.38	19
47.4	12
47.42	16
47.44	13
47.46	17
47.48	17
47.5	18
47.52	19
47.54	9
47.56	15
47.58	17
47.6	11
47.62	17
47.64	16
47.66	18
47.68	11
47.7	20
47.72	16
47.74	9
47.76	19
47.78	13
47.8	13
47.82	18
47.84	16
47.86	14
47.88	10
47.9	16
47.92	15
47.94	19
47.96	19
47.98	22
48	14
48.02	13
48.04	19
48.06	19
48.08	13
48.1	18
48.12	13
48.14	16
48.16	11
48.18	9
48.2	8
48.22	7
48.24	18
48.26	19
48.28	14
48.3	10
48.32	10
48.34	19
48.36	12
48.38	11
48.4	17
48.42	13
48.44	17
48.46	12
48.48	11
48.5	11
48.52	15
48.54	13
48.56	10
48.58	17
48.6	15
48.62	16
48.64	11
48.66	17
48.68	20
48.7	17
48.72	12
48.74	17
48.76	15
48.78	14
48.8	6
48.82	12
48.84	22
48.86	10
48.88	16
48.9	15
48.92	22
48.94	17
48.96	14
48.98	10
49	20
49.02	14
49.04	15
49.06	22
49.08	13
49.1	21
49.12	18
49.14	12
49.16	19
49.18	15
49.2	19
49.22	13
49.24	18
49.26	12
49.28	22
49.3	9
49.32	24
49.34	17
49.36	17
49.38	16
49.4	12
49.42	6
49.44	11
49.46	13
49.48	22
49.5	14
49.52	8
49.54	16
49.56	11
49.58	10
49.6	11
49.62	18
49.64	10
49.66	18
49.68	11
49.7	20
49.72	8
49.74	12
49.76	14
49.78	19
49.8	15
49.82	12
49.84	9
49.86	15
49.88	16
49.9	21
49.92	12
49.94	15
49.96	17
49.98	12
50	14
50.02	21
50.04	10
50.06	15
50.08	17
50.1	9
50.12	13
50.14	10
50.16	18
50.18	10
50.2	14
50.22	16
50.24	15
50.26	11
50.28	17
50.3	19
50.32	12
50.34	10
50.36	13
50.38	22
50.4	9
50.42	15
50.44	14
50.46	17
50.48	9
50.5	16
50.52	17
50.54	11
50.56	20
50.58	18
50.6	7
50.62	15
50.64	17
50.66	14
50.68	18
50.7	14
50.72	8
50.74	18
50.76	11
50.78	17
50.8	13
50.82	7
50.84	23
50.86	16
50.88	15
50.9	10
50.92	21
50.94	15
50.96	17
50.98	14
51	13
51.02	18
51.04	15
51.06	18
51.08	11
51.1	11
51.12	20
51.14	15
51.16	12
51.18	13
51.2	17
51.22	17
51.24	19
51.26	13
51.28	21
51.3	19
51.32	17
51.34	15
51.36	17
51.38	15
51.4	17
51.42	9
51.44	15
51.46	21
51.48	13
51.5	18
51.52	17
51.54	20
51.56	15
51.58	15
51.6	16
51.62	14
51.64	7
51.66	8
51.68	12
51.7	14
51.72	16
51.74	11
51.76	11
51.78	24
51.8	14
51.82	12
51.84	11
51.86	20
51.88	12
51.9	16
51.92	15
51.94	18
51.96	12
51.98	20
52	13
52.02	9
52.04	16
52.06	15
52.08	15
52.1	17
52.12	7
52.14	14
52.16	20
52.18	18
52.2	16
52.22	26
52.24	12
52.26	22
52.28	20
52.3	17
52.32	11
52.34	15
52.36	19
52.38	15
52.4	18
52.42	14
52.44	10
52.46	17
52.48	20
52.5	15
52.52	11
52.54	29
52.56	17
52.58	15
52.6	15
52.62	21
52.64	15
52.66	24
52.68	20
52.7	21
52.72	14
52.74	24
52.76	18
52.78	17
52.8	19
52.82	17
52.84	20
52.86	20
52.88	21
52.9	19
52.92	30
52.94	20
52.96	24
52.98	28
53	11
53.02	13
53.04	22
53.06	20
53.08	27
53.1	19
53.12	31
53.14	28
53.16	22
53.18	29
53.2	35
53.22	17
53.24	48
53.26	38
53.28	42
53.3	48
53.32	59
53.34	66
53.36	59
53.38	67
53.4	88
53.42	72
53.44	83
53.46	71
53.48	66
53.5	66
53.52	53
53.54	53
53.56	53
53.58	53
53.6	29
53.62	31
53.64	35
53.66	27
53.68	28
53.7	24
53.72	34
53.74	23
53.76	23
53.78	19
53.8	19
53.82	18
53.84	23
53.86	19
53.88	21
53.9	19
53.92	27
53.94	17
53.96	16
53.98	21
54	24
54.02	18
54.04	19
54.06	18
54.08	18
54.1	12
54.12	15
54.14	17
54.16	21
54.18	21
54.2	22
54.22	31
54.24	19
54.26	20
54.28	19
54.3	10
54.32	26
54.34	21
54.36	19
54.38	14
54.4	16
54.42	12
54.44	18
54.46	11
54.48	15
54.5	14
54.52	21
54.54	20
54.56	17
54.58	20
54.6	13
54.62	17
54.64	17
54.66	16
54.68	19
54.7	17
54.72	12
54.74	13
54.76	20
54.78	19
54.8	12
54.82	24
54.84	13
54.86	19
54.88	15
54.9	15
54.92	17
54.94	15
54.96	16
54.98	20
55	18
55.02	21
55.04	12
55.06	26
55.08	17
55.1	18
55.12	15
55.14	16
55.16	16
55.18	16
55.2	19
55.22	16
55.24	22
55.26	15
55.28	26
55.3	8
55.32	24
55.34	13
55.36	19
55.38	23
55.4	19
55.42	16
55.44	21
55.46	12
55.48	5
55.5	14
55.52	17
55.54	15
55.56	16
55.58	15
55.6	17
55.62	12
55.64	19
55.66	17
55.68	18
55.7	26
55.72	17
55.74	21
55.76	12
55.78	16
55.8	22
55.82	22
55.84	20
55.86	20
55.88	22
55.9	15
55.92	25
55.94	17
55.96	20
55.98	19
56	18
56.02	19
56.04	13
56.06	17
56.08	21
56.1	22
56.12	29
56.14	22
56.16	23
56.18	22
56.2	14
56.22	25
56.24	23
56.26	28
56.28	26
56.3	30
56.32	20
56.34	27
56.36	20
56.38	19
56.4	23
56.42	20
56.44	29
56.46	20
56.48	17
56.5	27
56.52	26
56.54	36
56.56	32
56.58	38
56.6	32
56.62	37
56.64	41
56.66	56
56.68	61
56.7	59
56.72	62
56.74	77
56.76	79
56.78	94
56.8	117
56.82	121
56.84	144
56.86	190
56.88	231
56.9	222
56.92	219
56.94	228
56.96	202
56.98	193
57	188
57.02	154
57.04	166
57.06	169
57.08	121
57.1	135
57.12	110
57.14	86
57.16	94
57.18	88
57.2	64
57.22	71
57.24	58
57.26	48
57.28	26
57.3	38
57.32	32
57.34	29
57.36	38
57.38	34
57.4	26
57.42	34
57.44	26
57.46	30
57.48	29
57.5	31
57.52	27
57.54	32
57.56	21
57.58	18
57.6	23
57.62	27
57.64	27
57.66	19
57.68	22
57.7	19
57.72	17
57.74	19
57.76	25
57.78	16
57.8	25
57.82	17
57.84	16
57.86	23
57.88	21
57.9	21
57.92	22
57.94	12
57.96	22
57.98	15
58	17
58.02	23
58.04	15
58.06	15
58.08	17
58.1	12
58.12	12
58.14	17
58.16	14
58.18	19
58.2	22
58.22	24
58.24	16
58.26	18
58.28	32
58.3	11
58.32	13
58.34	16
58.36	19
58.38	8
58.4	23
58.42	10
58.44	15
58.46	19
58.48	18
58.5	17
58.52	20
58.54	13
58.56	15
58.58	19
58.6	12
58.62	10
58.64	15
58.66	22
58.68	13
58.7	12
58.72	22
58.74	17
58.76	11
58.78	20
58.8	10
58.82	21
58.84	15
58.86	19
58.88	22
58.9	23
58.92	24
58.94	19
58.96	20
58.98	8
59	22
59.02	19
59.04	19
59.06	24
59.08	20
59.1	21
59.12	21
59.14	14
59.16	18
59.18	15
59.2	27
59.22	14
59.24	17
59.26	11
59.28	16
59.3	29
59.32	15
59.34	13
59.36	13
59.38	13
59.4	22
59.42	16
59.44	15
59.46	14
59.48	11
59.5	14
59.52	12
59.54	20
59.56	19
59.58	16
59.6	20
59.62	18
59.64	19
59.66	16
59.68	15
59.7	16
59.72	19
59.74	14
59.76	15
59.78	13
59.8	17
59.82	21
59.84	20
59.86	24
59.88	14
59.9	12
59.92	13
59.94	12
59.96	14
59.98	15
60	14
60.02	15
60.04	16
60.06	21
60.08	22
60.1	18
60.12	16
60.14	17
60.16	20
60.18	23
60.2	19
60.22	18
60.24	15
60.26	16
60.28	22
60.3	17
60.32	20
60.34	16
60.36	21
60.38	16
60.4	24
60.42	19
60.44	17
60.46	13
60.48	23
60.5	24
60.52	22
60.54	29
60.56	20
60.58	13
60.6	21
60.62	11
60.64	22
60.66	13
60.68	16
60.7	19
60.72	19
60.74	19
60.76	18
60.78	18
60.8	17
60.82	16
60.84	14
60.86	17
60.88	17
60.9	19
60.92	16
60.94	24
60.96	18
60.98	21
61	24
61.02	18
61.04	15
61.06	11
61.08	24
61.1	23
61.12	19
61.14	14
61.16	20
61.18	20
61.2	18
61.22	22
61.24	20
61.26	21
61.28	23
61.3	16
61.32	20
61.34	25
61.36	23
61.38	13
61.4	20
61.42	25
61.44	17
61.46	21
61.48	24
61.5	21
61.52	21
61.54	18
61.56	21
61.58	27
61.6	27
61.62	32
61.64	22
61.66	23
61.68	16
61.7	32
61.72	21
61.74	21
61.76	25
61.78	29
61.8	30
61.82	24
61.84	27
61.86	30
61.88	18
61.9	25
61.92	24
61.94	32
61.96	37
61.98	28
62	34
62.02	23
62.04	25
62.06	32
62.08	32
62.1	38
62.12	24
62.14	41
62.16	32
62.18	38
62.2	44
62.22	59
62.24	64
62.26	79
62.28	77
62.3	86
62.32	114
62.34	117
62.36	130
62.38	137
62.4	164
62.42	202
62.44	222
62.46	276
62.48	282
62.5	320
62.52	313
62.54	313
62.56	266
62.58	234
62.6	228
62.62	222
62.64	250
62.66	199
62.68	219
62.7	182
62.72	154
62.74	128
62.76	106
62.78	110
62.8	88
62.82	74
62.84	72
62.86	56
62.88	61
62.9	56
62.92	45
62.94	36
62.96	40
62.98	38
63	25
63.02	40
63.04	37
63.06	27
63.08	32
63.1	36
63.12	32
63.14	35
63.16	26
63.18	18
63.2	27
63.22	23
63.24	21
63.26	20
63.28	28
63.3	32
63.32	27
63.34	21
63.36	26
63.38	22
63.4	23
63.42	32
63.44	23
63.46	15
63.48	22
63.5	18
63.52	18
63.54	14
63.56	22
63.58	20
63.6	21
63.62	21
63.64	21
63.66	28
63.68	21
63.7	17
63.72	15
63.74	13
63.76	12
63.78	9
63.8	17
63.82	9
63.84	18
63.86	17
63.88	20
63.9	21
63.92	16
63.94	24
63.96	21
63.98	24
64	21
64.02	12
64.04	15
64.06	17
64.08	20
64.1	16
64.12	17
64.14	11
64.16	13
64.18	19
64.2	18
64.22	17
64.24	11
64.26	13
64.28	21
64.3	19
64.32	18
64.34	13
64.36	19
64.38	16
64.4	18
64.42	17
64.44	12
64.46	10
64.48	16
64.5	27
64.52	19
64.54	13
64.56	15
64.58	12
64.6	13
64.62	16
64.64	17
64.66	12
64.68	17
64.7	20
64.72	5
64.74	13
64.76	15
64.78	14
64.8	14
64.82	16
64.84	17
64.86	22
64.88	14
64.9	14
64.92	4
64.94	10
64.96	14
64.98	17
65	10
65.02	16
65.04	13
65.06	21
65.08	15
65.1	20
65.12	14
65.14	10
65.16	20
65.18	24
65.2	11
65.22	22
65.24	14
65.26	15
65.28	15
65.3	17
65.32	19
65.34	19
65.36	17
65.38	20
65.4	20
65.42	17
65.44	17
65.46	17
65.48	14
65.5	23
65.52	17
65.54	14
65.56	9
65.58	18
65.6	10
65.62	19
65.64	21
65.66	24
65.68	21
65.7	14
65.72	24
65.74	21
65.76	24
65.78	10
65.8	13
65.82	26
65.84	16
65.86	20
65.88	20
65.9	10
65.92	18
65.94	25
65.96	13
65.98	24
66	20
66.02	15
66.04	12
66.06	23
66.08	16
66.1	16
66.12	17
66.14	19
66.16	12
66.18	19
66.2	18
66.22	22
66.24	10
66.26	18
66.28	13
66.3	9
66.32	12
66.34	21
66.36	8
66.38	13
66.4	15
66.42	17
66.44	19
66.46	10
66.48	9
66.5	11
66.52	14
66.54	17
66.56	14
66.58	14
66.6	13
66.62	11
66.64	8
66.66	19
66.68	14
66.7	10
66.72	13
66.74	16
66.76	20
66.78	10
66.8	13
66.82	16
66.84	11
66.86	14
66.88	15
66.9	11
66.92	12
66.94	13
66.96	9
66.98	13
67	18
67.02	16
67.04	18
67.06	16
67.08	14
67.1	11
67.12	16
67.14	14
67.16	15
67.18	11
67.2	10
67.22	11
67.24	11
67.26	19
67.28	12
67.3	6
67.32	24
67.34	15
67.36	14
67.38	14
67.4	19
67.42	14
67.44	21
67.46	9
67.48	18
67.5	15
67.52	21
67.54	13
67.56	17
67.58	17
67.6	20
67.62	20
67.64	17
67.66	16
67.68	22
67.7	10
67.72	15
67.74	15
67.76	15
67.78	14
67.8	17
67.82	14
67.84	7
67.86	15
67.88	16
67.9	15
67.92	14
67.94	9
67.96	13
67.98	15
68	16
68.02	12
68.04	13
68.06	15
68.08	15
68.1	10
68.12	14
68.14	28
68.16	12
68.18	11
68.2	17
68.22	11
68.24	14
68.26	18
68.28	12
68.3	10
68.32	11
68.34	20
68.36	16
68.38	13
68.4	8
68.42	10
68.44	15
68.46	16
68.48	12
68.5	12
68.52	15
68.54	10
68.56	14
68.58	14
68.6	14
68.62	10
68.64	15
68.66	12
68.68	12
68.7	12
68.72	13
68.74	20
68.76	15
68.78	17
68.8	14
68.82	14
68.84	20
68.86	22
68.88	12
68.9	18
68.92	20
68.94	9
68.96	11
68.98	12
69	7
69.02	12
69.04	10
69.06	14
69.08	11
69.1	17
69.12	18
69.14	15
69.16	13
69.18	9
69.2	11
69.22	14
69.24	13
69.26	9
69.28	13
69.3	18
69.32	5
69.34	7
69.36	14
69.38	13
69.4	20
69.42	14
69.44	15
69.46	12
69.48	10
69.5	10
69.52	15
69.54	19
69.56	7
69.58	16
69.6	8
69.62	10
69.64	17
69.66	13
69.68	11
69.7	9
69.72	7
69.74	14
69.76	11
69.78	12
69.8	22
69.82	15
69.84	18
69.86	8
69.88	15
69.9	15
69.92	14
69.94	10
69.96	17
69.98	14
70	16
70.02	18
70.04	14
70.06	19
70.08	16
70.1	16
70.12	12
70.14	11
70.16	17
70.18	14
70.2	18
70.22	14
70.24	16
70.26	10
70.28	14
70.3	19
70.32	11
70.34	22
70.36	10
70.38	14
70.4	19
70.42	13
70.44	21
70.46	9
70.48	15
70.5	18
70.52	16
70.54	20
70.56	12
70.58	16
70.6	11
70.62	13
70.64	23
70.66	24
70.68	15
70.7	15
70.72	26
70.74	18
70.76	20
70.78	30
70.8	34
70.82	27
70.84	27
70.86	38
70.88	34
70.9	48
70.92	29
70.94	44
70.96	23
70.98	35
71	30
71.02	23
71.04	28
71.06	32
71.08	35
71.1	27
71.12	22
71.14	31
71.16	17
71.18	22
71.2	20
71.22	24
71.24	19
71.26	20
71.28	21
71.3	17
71.32	18
71.34	21
71.36	15
71.38	20
71.4	18
71.42	9
71.44	12
71.46	16
71.48	15
71.5	13
71.52	15
71.54	16
71.56	14
71.58	20
71.6	15
71.62	13
71.64	11
71.66	15
71.68	10
71.7	11
71.72	12
71.74	13
71.76	6
71.78	9
71.8	18
71.82	19
71.84	12
71.86	12
71.88	10
71.9	7
71.92	13
71.94	16
71.96	16
71.98	15
72	18
72.02	15
72.04	14
72.06	15
72.08	12
72.1	19
72.12	15
72.14	16
72.16	14
72.18	22
72.2	14
72.22	13
72.24	17
72.26	16
72.28	17
72.3	17
72.32	16
72.34	16
72.36	22
72.38	15
72.4	12
72.42	17
72.44	14
72.46	13
72.48	15
72.5	15
72.52	8
72.54	11
72.56	13
72.58	18
72.6	8
72.62	13
72.64	18
72.66	12
72.68	16
72.7	15
72.72	11
72.74	14
72.76	17
72.78	16
72.8	14
72.82	17
72.84	11
72.86	15
72.88	15
72.9	15
72.92	15
72.94	11
72.96	13
72.98	14
73	11
73.02	10
73.04	14
73.06	13
73.08	9
73.1	8
73.12	21
73.14	22
73.16	20
73.18	22
73.2	23
73.22	10
73.24	17
73.26	12
73.28	7
73.3	9
73.32	23
73.34	14
73.36	12
73.38	12
73.4	16
73.42	17
73.44	11
73.46	16
73.48	19
73.5	10
73.52	12
73.54	21
73.56	18
73.58	23
73.6	22
73.62	16
73.64	31
73.66	19
73.68	11
73.7	20
73.72	18
73.74	24
73.76	31
73.78	31
73.8	48
73.82	38
73.84	53
73.86	61
73.88	71
73.9	62
73.92	59
73.94	64
73.96	66
73.98	56
74	67
74.02	55
74.04	58
74.06	61
74.08	59
74.1	53
74.12	44
74.14	46
74.16	48
74.18	42
74.2	32
74.22	32
74.24	32
74.26	44
74.28	22
74.3	29
74.32	18
74.34	29
74.36	25
74.38	17
74.4	27
74.42	19
74.44	22
74.46	14
74.48	18
74.5	17
74.52	16
74.54	13
74.56	24
74.58	19
74.6	22
74.62	15
74.64	21
74.66	13
74.68	27
74.7	23
74.72	16
74.74	28
74.76	19
74.78	20
74.8	20
74.82	29
74.84	28
74.86	41
74.88	28
74.9	34
74.92	34
74.94	35
74.96	29
74.98	28
75	41
75.02	36
75.04	25
75.06	28
75.08	28
75.1	16
75.12	26
75.14	32
75.16	18
75.18	16
75.2	22
75.22	12
75.24	23
75.26	16
75.28	18
75.3	21
75.32	22
75.34	14
75.36	12
75.38	11
75.4	14
75.42	13
75.44	10
75.46	14
75.48	15
75.5	14
75.52	12
75.54	10
75.56	11
75.58	17
75.6	13
75.62	10
75.64	20
75.66	15
75.68	12
75.7	13
75.72	15
75.74	15
75.76	10
75.78	12
75.8	13
75.82	12
75.84	9
75.86	9
75.88	16
75.9	9
75.92	8
75.94	11
75.96	16
75.98	19
76	12
76.02	6
76.04	13
76.06	18
76.08	14
76.1	13
76.12	13
76.14	10
76.16	14
76.18	13
76.2	19
76.22	20
76.24	21
76.26	13
76.28	8
76.3	9
76.32	11
76.34	15
76.36	15
76.38	11
76.4	14
76.42	12
76.44	11
76.46	9
76.48	10
76.5	10
76.52	14
76.54	11
76.56	13
76.58	9
76.6	4
76.62	6
76.64	9
76.66	14
76.68	11
76.7	15
76.72	16
76.74	10
76.76	7
76.78	16
76.8	15
76.82	12
76.84	13
76.86	12
76.88	21
76.9	8
76.92	18
76.94	13
76.96	14
76.98	9
77	17
77.02	12
77.04	12
77.06	15
77.08	10
77.1	10
77.12	11
77.14	10
77.16	5
77.18	14
77.2	13
77.22	5
77.24	14
77.26	17
77.28	14
77.3	12
77.32	12
77.34	16
77.36	12
77.38	11
77.4	10
77.42	8
77.44	14
77.46	12
77.48	14
77.5	13
77.52	10
77.54	10
77.56	6
77.58	3
77.6	9
77.62	16
77.64	17
77.66	15
77.68	11
77.7	9
77.72	5
77.74	10
77.76	15
77.78	10
77.8	11
77.82	13
77.84	15
77.86	7
77.88	18
77.9	16
77.92	15
77.94	9
77.96	12
77.98	13
78	13
78.02	12
78.04	9
78.06	21
78.08	12
78.1	13
78.12	16
78.14	10
78.16	10
78.18	13
78.2	6
78.22	11
78.24	10
78.26	13
78.28	5
78.3	12
78.32	8
78.34	13
78.36	8
78.38	8
78.4	8
78.42	11
78.44	11
78.46	8
78.48	19
78.5	15
78.52	17
78.54	4
78.56	15
78.58	18
78.6	14
78.62	12
78.64	20
78.66	20
78.68	9
78.7	12
78.72	23
78.74	22
78.76	18
78.78	19
78.8	23
78.82	27
78.84	26
78.86	24
78.88	25
78.9	26
78.92	26
78.94	16
78.96	25
78.98	28
79	23
79.02	17
79.04	25
79.06	20
79.08	10
79.1	27
79.12	26
79.14	13
79.16	14
79.18	18
79.2	10
79.22	27
79.24	15
79.26	19
79.28	11
79.3	14
79.32	15
79.34	10
79.36	15
79.38	12
79.4	14
79.42	8
79.44	10
79.46	17
79.48	22
79.5	7
79.52	14
79.54	16
79.56	15
79.58	9
79.6	19
79.62	14
79.64	10
79.66	17
79.68	9
79.7	21
79.72	3
79.74	10
79.76	4
79.78	11
79.8	11
79.82	6
79.84	14
79.86	10
79.88	10
79.9	9
79.92	16
79.94	6
79.96	18
79.98	9
80	7